CANVAS 512 26
NTEX 4
TEX 0 zapper_staff
TEX 1 cogwheel_steel
TEX 2 cube_inner
TEX 3 cube_shell
QUAD 0 north 5.87783 -5.61266 -0.50000 6.58493 -4.90555 -0.50000 0.92808 0.75130 -0.50000 0.22097 0.04419 -0.50000 0.00000 0.00000 2.00000 0.00000 2.00000 16.00000 0.00000 16.00000
QUAD 0 south 6.58493 -4.90555 0.50000 5.87783 -5.61266 0.50000 0.22097 0.04419 0.50000 0.92808 0.75130 0.50000 0.00000 0.00000 2.00000 0.00000 2.00000 16.00000 0.00000 16.00000
QUAD 0 east 5.87783 -5.61266 0.50000 5.87783 -5.61266 -0.50000 0.22097 0.04419 -0.50000 0.22097 0.04419 0.50000 0.00000 0.00000 2.00000 0.00000 2.00000 16.00000 0.00000 16.00000
QUAD 0 west 6.58493 -4.90555 -0.50000 6.58493 -4.90555 0.50000 0.92808 0.75130 0.50000 0.92808 0.75130 -0.50000 0.00000 0.00000 2.00000 0.00000 2.00000 16.00000 0.00000 16.00000
QUAD 0 north 6.16067 -6.03692 -0.60000 7.00920 -5.18840 -0.60000 6.30209 -4.48129 -0.60000 5.45356 -5.32982 -0.60000 6.00000 14.00000 8.00000 14.00000 8.00000 16.00000 6.00000 16.00000
QUAD 0 south 7.00920 -5.18840 0.60000 6.16067 -6.03692 0.60000 5.45356 -5.32982 0.60000 6.30209 -4.48129 0.60000 6.00000 14.00000 8.00000 14.00000 8.00000 16.00000 6.00000 16.00000
QUAD 0 east 6.16067 -6.03692 0.60000 6.16067 -6.03692 -0.60000 5.45356 -5.32982 -0.60000 5.45356 -5.32982 0.60000 6.00000 14.00000 8.00000 14.00000 8.00000 16.00000 6.00000 16.00000
QUAD 0 west 7.00920 -5.18840 -0.60000 7.00920 -5.18840 0.60000 6.30209 -4.48129 0.60000 6.30209 -4.48129 -0.60000 6.00000 14.00000 8.00000 14.00000 8.00000 16.00000 6.00000 16.00000
QUAD 0 up 7.00920 -5.18840 -0.60000 6.16067 -6.03692 -0.60000 6.16067 -6.03692 0.60000 7.00920 -5.18840 0.60000 6.00000 11.00000 7.00000 11.00000 7.00000 12.00000 6.00000 12.00000
QUAD 0 down 6.30209 -4.48129 0.60000 5.45356 -5.32982 0.60000 5.45356 -5.32982 -0.60000 6.30209 -4.48129 -0.60000 6.00000 12.00000 8.00000 12.00000 8.00000 14.00000 6.00000 14.00000
QUAD 0 north 0.68059 -0.55685 -0.60000 1.52912 0.29168 -0.60000 -0.94576 2.76656 -0.60000 -1.79428 1.91803 -0.60000 4.00000 9.00000 6.00000 9.00000 6.00000 16.00000 4.00000 16.00000
QUAD 0 south 1.52912 0.29168 0.60000 0.68059 -0.55685 0.60000 -1.79428 1.91803 0.60000 -0.94576 2.76656 0.60000 4.00000 9.00000 6.00000 9.00000 6.00000 16.00000 4.00000 16.00000
QUAD 0 east 0.68059 -0.55685 0.60000 0.68059 -0.55685 -0.60000 -1.79428 1.91803 -0.60000 -1.79428 1.91803 0.60000 4.00000 9.00000 6.00000 9.00000 6.00000 16.00000 4.00000 16.00000
QUAD 0 west 1.52912 0.29168 -0.60000 1.52912 0.29168 0.60000 -0.94576 2.76656 0.60000 -0.94576 2.76656 -0.60000 4.00000 9.00000 6.00000 9.00000 6.00000 16.00000 4.00000 16.00000
QUAD 0 up 1.52912 0.29168 -0.60000 0.68059 -0.55685 -0.60000 0.68059 -0.55685 0.60000 1.52912 0.29168 0.60000 1.00000 3.00000 2.00000 3.00000 2.00000 4.00000 1.00000 4.00000
QUAD 0 down -0.94576 2.76656 0.60000 -1.79428 1.91803 0.60000 -1.79428 1.91803 -0.60000 -0.94576 2.76656 -0.60000 1.00000 3.00000 2.00000 3.00000 2.00000 4.00000 1.00000 4.00000
QUAD 0 north -4.97626 5.10001 -0.60000 -4.12774 5.94854 -0.60000 -5.18840 7.00920 -0.60000 -6.03692 6.16067 -0.60000 2.00000 8.00000 4.00000 8.00000 4.00000 11.00000 2.00000 11.00000
QUAD 0 south -4.12774 5.94854 0.60000 -4.97626 5.10001 0.60000 -6.03692 6.16067 0.60000 -5.18840 7.00920 0.60000 2.00000 8.00000 4.00000 8.00000 4.00000 11.00000 2.00000 11.00000
QUAD 0 east -4.97626 5.10001 0.60000 -4.97626 5.10001 -0.60000 -6.03692 6.16067 -0.60000 -6.03692 6.16067 0.60000 2.00000 8.00000 4.00000 8.00000 4.00000 11.00000 2.00000 11.00000
QUAD 0 west -4.12774 5.94854 -0.60000 -4.12774 5.94854 0.60000 -5.18840 7.00920 0.60000 -5.18840 7.00920 -0.60000 2.00000 8.00000 4.00000 8.00000 4.00000 11.00000 2.00000 11.00000
QUAD 0 up -4.12774 5.94854 -0.60000 -4.97626 5.10001 -0.60000 -4.97626 5.10001 0.60000 -4.12774 5.94854 0.60000 1.00000 3.00000 2.00000 3.00000 2.00000 4.00000 1.00000 4.00000
QUAD 0 down -5.18840 7.00920 0.60000 -6.03692 6.16067 0.60000 -6.03692 6.16067 -0.60000 -5.18840 7.00920 -0.60000 1.00000 3.00000 2.00000 3.00000 2.00000 4.00000 1.00000 4.00000
QUAD 0 north -2.43068 2.34229 -0.75000 -1.37002 3.40295 -0.75000 -2.07713 4.11006 -0.75000 -3.13779 3.04940 -0.75000 4.00000 6.00000 7.00000 6.00000 7.00000 8.00000 4.00000 8.00000
QUAD 0 south -1.37002 3.40295 0.75000 -2.43068 2.34229 0.75000 -3.13779 3.04940 0.75000 -2.07713 4.11006 0.75000 4.00000 6.00000 7.00000 6.00000 7.00000 8.00000 4.00000 8.00000
QUAD 0 east -2.43068 2.34229 0.75000 -2.43068 2.34229 -0.75000 -3.13779 3.04940 -0.75000 -3.13779 3.04940 0.75000 4.00000 6.00000 7.00000 6.00000 7.00000 8.00000 4.00000 8.00000
QUAD 0 west -1.37002 3.40295 -0.75000 -1.37002 3.40295 0.75000 -2.07713 4.11006 0.75000 -2.07713 4.11006 -0.75000 4.00000 6.00000 7.00000 6.00000 7.00000 8.00000 4.00000 8.00000
QUAD 0 down -2.07713 4.11006 0.75000 -3.13779 3.04940 0.75000 -3.13779 3.04940 -0.75000 -2.07713 4.11006 -0.75000 1.00000 3.00000 2.00000 3.00000 2.00000 4.00000 1.00000 4.00000
QUAD 0 north -2.43068 2.34229 -0.75000 -1.37002 3.40295 -0.75000 -2.07713 4.11006 -0.75000 -3.13779 3.04940 -0.75000 4.00000 6.00000 7.00000 6.00000 7.00000 8.00000 4.00000 8.00000
QUAD 0 south -1.37002 3.40295 0.75000 -2.43068 2.34229 0.75000 -3.13779 3.04940 0.75000 -2.07713 4.11006 0.75000 4.00000 6.00000 7.00000 6.00000 7.00000 8.00000 4.00000 8.00000
QUAD 0 east -2.43068 2.34229 0.75000 -2.43068 2.34229 -0.75000 -3.13779 3.04940 -0.75000 -3.13779 3.04940 0.75000 4.00000 6.00000 7.00000 6.00000 7.00000 8.00000 4.00000 8.00000
QUAD 0 west -1.37002 3.40295 -0.75000 -1.37002 3.40295 0.75000 -2.07713 4.11006 0.75000 -2.07713 4.11006 -0.75000 4.00000 6.00000 7.00000 6.00000 7.00000 8.00000 4.00000 8.00000
QUAD 0 down -2.07713 4.11006 0.75000 -3.13779 3.04940 0.75000 -3.13779 3.04940 -0.75000 -2.07713 4.11006 -0.75000 1.00000 3.00000 2.00000 3.00000 2.00000 4.00000 1.00000 4.00000
QUAD 0 north -4.55200 4.46361 -0.75000 -3.49134 5.52427 -0.75000 -4.19845 6.23138 -0.75000 -5.25911 5.17072 -0.75000 7.00000 9.00000 4.00000 9.00000 4.00000 7.00000 7.00000 7.00000
QUAD 0 south -3.49134 5.52427 0.75000 -4.55200 4.46361 0.75000 -5.25911 5.17072 0.75000 -4.19845 6.23138 0.75000 7.00000 9.00000 4.00000 9.00000 4.00000 7.00000 7.00000 7.00000
QUAD 0 east -4.55200 4.46361 0.75000 -4.55200 4.46361 -0.75000 -5.25911 5.17072 -0.75000 -5.25911 5.17072 0.75000 7.00000 9.00000 4.00000 9.00000 4.00000 7.00000 7.00000 7.00000
QUAD 0 west -3.49134 5.52427 -0.75000 -3.49134 5.52427 0.75000 -4.19845 6.23138 0.75000 -4.19845 6.23138 -0.75000 7.00000 9.00000 4.00000 9.00000 4.00000 7.00000 7.00000 7.00000
QUAD 0 up -3.49134 5.52427 -0.75000 -4.55200 4.46361 -0.75000 -4.55200 4.46361 0.75000 -3.49134 5.52427 0.75000 2.00000 4.00000 1.00000 4.00000 1.00000 3.00000 2.00000 3.00000
QUAD 0 north -4.55200 4.46361 -0.75000 -3.49134 5.52427 -0.75000 -4.19845 6.23138 -0.75000 -5.25911 5.17072 -0.75000 7.00000 9.00000 4.00000 9.00000 4.00000 7.00000 7.00000 7.00000
QUAD 0 south -3.49134 5.52427 0.75000 -4.55200 4.46361 0.75000 -5.25911 5.17072 0.75000 -4.19845 6.23138 0.75000 7.00000 9.00000 4.00000 9.00000 4.00000 7.00000 7.00000 7.00000
QUAD 0 east -4.55200 4.46361 0.75000 -4.55200 4.46361 -0.75000 -5.25911 5.17072 -0.75000 -5.25911 5.17072 0.75000 7.00000 9.00000 4.00000 9.00000 4.00000 7.00000 7.00000 7.00000
QUAD 0 west -3.49134 5.52427 -0.75000 -3.49134 5.52427 0.75000 -4.19845 6.23138 0.75000 -4.19845 6.23138 -0.75000 7.00000 9.00000 4.00000 9.00000 4.00000 7.00000 7.00000 7.00000
QUAD 0 up -3.49134 5.52427 -0.75000 -4.55200 4.46361 -0.75000 -4.55200 4.46361 0.75000 -3.49134 5.52427 0.75000 2.00000 4.00000 1.00000 4.00000 1.00000 3.00000 2.00000 3.00000
QUAD 0 north -6.14667 4.99394 0.00000 -4.02167 4.99394 0.00000 -4.02167 7.11894 0.00000 -6.14667 7.11894 0.00000 10.00000 0.00000 10.00000 4.00000 6.00000 4.00000 6.00000 0.00000
QUAD 0 south -4.02167 4.99394 0.00000 -6.14667 4.99394 0.00000 -6.14667 7.11894 0.00000 -4.02167 7.11894 0.00000 6.00000 0.00000 10.00000 0.00000 10.00000 4.00000 6.00000 4.00000
QUAD 0 north -1.54680 1.81196 -0.50000 -0.83969 2.51907 -0.50000 -1.90035 3.57973 -0.50000 -2.60746 2.87262 -0.50000 2.00000 8.00000 4.00000 8.00000 4.00000 11.00000 2.00000 11.00000
QUAD 0 south -0.83969 2.51907 0.50000 -1.54680 1.81196 0.50000 -2.60746 2.87262 0.50000 -1.90035 3.57973 0.50000 2.00000 8.00000 4.00000 8.00000 4.00000 11.00000 2.00000 11.00000
QUAD 0 east -1.54680 1.81196 0.50000 -1.54680 1.81196 -0.50000 -2.60746 2.87262 -0.50000 -2.60746 2.87262 0.50000 2.00000 8.00000 4.00000 8.00000 4.00000 11.00000 2.00000 11.00000
QUAD 0 west -0.83969 2.51907 -0.50000 -0.83969 2.51907 0.50000 -1.90035 3.57973 0.50000 -1.90035 3.57973 -0.50000 2.00000 8.00000 4.00000 8.00000 4.00000 11.00000 2.00000 11.00000
QUAD 1 north -1.52533 -9.24753 8.52835 -9.02956 -9.24753 12.02763 -8.55182 -10.03906 13.05215 -1.04759 -10.03906 9.55287 14.00000 16.00000 32.00000 16.00000 32.00000 19.00000 14.00000 19.00000
QUAD 1 south -8.69504 -8.11710 12.74500 -1.19081 -8.11710 9.24572 -0.71307 -8.90863 10.27024 -8.21730 -8.90863 13.76952 14.00000 16.00000 32.00000 16.00000 32.00000 19.00000 14.00000 19.00000
QUAD 1 east -1.19081 -8.11710 9.24572 -1.52533 -9.24753 8.52835 -1.04759 -10.03906 9.55287 -0.71307 -8.90863 10.27024 10.00000 16.00000 13.00000 16.00000 13.00000 19.00000 10.00000 19.00000
QUAD 1 west -9.02956 -9.24753 12.02763 -8.69504 -8.11710 12.74500 -8.21730 -8.90863 13.76952 -8.55182 -10.03906 13.05215 10.00000 16.00000 13.00000 16.00000 13.00000 19.00000 10.00000 19.00000
QUAD 1 up -9.02956 -9.24753 12.02763 -1.52533 -9.24753 8.52835 -1.19081 -8.11710 9.24572 -8.69504 -8.11710 12.74500 14.00000 12.00000 32.00000 12.00000 32.00000 15.00000 14.00000 15.00000
QUAD 1 down -8.21730 -8.90863 13.76952 -0.71307 -8.90863 10.27024 -1.04759 -10.03906 9.55287 -8.55182 -10.03906 13.05215 14.00000 12.00000 32.00000 12.00000 32.00000 15.00000 14.00000 15.00000
QUAD 1 north -3.72712 -11.47999 7.83028 -7.61417 -6.68398 13.34821 -7.13643 -7.47551 14.37272 -3.24938 -12.27152 8.85480 14.00000 16.00000 32.00000 16.00000 32.00000 19.00000 14.00000 19.00000
QUAD 1 south -6.49325 -5.88464 13.44307 -2.60620 -10.68065 7.92515 -2.12846 -11.47219 8.94966 -6.01551 -6.67618 14.46759 14.00000 16.00000 32.00000 16.00000 32.00000 19.00000 14.00000 19.00000
QUAD 1 east -2.60620 -10.68065 7.92515 -3.72712 -11.47999 7.83028 -3.24938 -12.27152 8.85480 -2.12846 -11.47219 8.94966 10.00000 16.00000 13.00000 16.00000 13.00000 19.00000 10.00000 19.00000
QUAD 1 west -7.61417 -6.68398 13.34821 -6.49325 -5.88464 13.44307 -6.01551 -6.67618 14.46759 -7.13643 -7.47551 14.37272 10.00000 16.00000 13.00000 16.00000 13.00000 19.00000 10.00000 19.00000
QUAD 1 up -7.61417 -6.68398 13.34821 -3.72712 -11.47999 7.83028 -2.60620 -10.68065 7.92515 -6.49325 -5.88464 13.44307 14.00000 12.00000 32.00000 12.00000 32.00000 15.00000 14.00000 15.00000
QUAD 1 down -6.01551 -6.67618 14.46759 -2.12846 -11.47219 8.94966 -3.24938 -12.27152 8.85480 -7.13643 -7.47551 14.37272 14.00000 12.00000 32.00000 12.00000 32.00000 15.00000 14.00000 15.00000
QUAD 1 north -1.42350 -6.68398 10.46145 -8.14903 -11.47999 9.89225 -7.67129 -12.27152 10.91677 -0.94576 -7.47551 11.48597 14.00000 16.00000 32.00000 16.00000 32.00000 19.00000 14.00000 19.00000
QUAD 1 south -8.79687 -10.68065 10.81190 -2.07134 -5.88464 11.38110 -1.59360 -6.67618 12.40562 -8.31913 -11.47219 11.83642 14.00000 16.00000 32.00000 16.00000 32.00000 19.00000 14.00000 19.00000
QUAD 1 east -2.07134 -5.88464 11.38110 -1.42350 -6.68398 10.46145 -0.94576 -7.47551 11.48597 -1.59360 -6.67618 12.40562 10.00000 16.00000 13.00000 16.00000 13.00000 19.00000 10.00000 19.00000
QUAD 1 west -8.14903 -11.47999 9.89225 -8.79687 -10.68065 10.81190 -8.31913 -11.47219 11.83642 -7.67129 -12.27152 10.91677 10.00000 16.00000 13.00000 16.00000 13.00000 19.00000 10.00000 19.00000
QUAD 1 up -8.14903 -11.47999 9.89225 -1.42350 -6.68398 10.46145 -2.07134 -5.88464 11.38110 -8.79687 -10.68065 10.81190 14.00000 12.00000 32.00000 12.00000 32.00000 15.00000 14.00000 15.00000
QUAD 1 down -8.31913 -11.47219 11.83642 -1.59360 -6.67618 12.40562 -0.94576 -7.47551 11.48597 -7.67129 -12.27152 10.91677 14.00000 12.00000 32.00000 12.00000 32.00000 15.00000 14.00000 15.00000
QUAD 1 north -5.48838 -12.07360 8.19294 -6.73909 -12.07360 8.77616 -6.26135 -12.86514 9.80068 -5.01064 -12.86514 9.21746 10.00000 16.00000 13.00000 16.00000 13.00000 19.00000 10.00000 19.00000
QUAD 1 south -4.73198 -5.29102 13.08041 -3.48128 -5.29102 12.49719 -3.00354 -6.08256 13.52171 -4.25424 -6.08256 14.10492 10.00000 16.00000 13.00000 16.00000 13.00000 19.00000 10.00000 19.00000
QUAD 1 east -3.48128 -5.29102 12.49719 -5.48838 -12.07360 8.19294 -5.01064 -12.86514 9.21746 -3.00354 -6.08256 13.52171 14.00000 16.00000 32.00000 16.00000 32.00000 19.00000 14.00000 19.00000
QUAD 1 west -6.73909 -12.07360 8.77616 -4.73198 -5.29102 13.08041 -4.25424 -6.08256 14.10492 -6.26135 -12.86514 9.80068 14.00000 16.00000 32.00000 16.00000 32.00000 19.00000 14.00000 19.00000
QUAD 1 up -6.73909 -12.07360 8.77616 -5.48838 -12.07360 8.19294 -3.48128 -5.29102 12.49719 -4.73198 -5.29102 13.08041 14.00000 15.00000 14.00000 12.00000 32.00000 12.00000 32.00000 15.00000
QUAD 1 down -4.25424 -6.08256 14.10492 -3.00354 -6.08256 13.52171 -5.01064 -12.86514 9.21746 -6.26135 -12.86514 9.80068 14.00000 15.00000 14.00000 12.00000 32.00000 12.00000 32.00000 15.00000
QUAD 1 north -3.26985 -10.95637 8.05257 -8.27267 -10.95637 10.38543 -7.81085 -11.72152 11.37579 -2.80803 -11.72152 9.04294 0.00000 12.00000 12.00000 12.00000 12.00000 15.00000 0.00000 15.00000
QUAD 1 south -6.93460 -6.43465 13.25493 -1.93178 -6.43465 10.92207 -1.46996 -7.19980 11.91244 -6.47278 -7.19980 14.24529 0.00000 12.00000 12.00000 12.00000 12.00000 15.00000 0.00000 15.00000
QUAD 1 east -1.93178 -6.43465 10.92207 -3.26985 -10.95637 8.05257 -2.80803 -11.72152 9.04294 -1.46996 -7.19980 11.91244 0.00000 12.00000 12.00000 12.00000 12.00000 15.00000 0.00000 15.00000
QUAD 1 west -8.27267 -10.95637 10.38543 -6.93460 -6.43465 13.25493 -6.47278 -7.19980 14.24529 -7.81085 -11.72152 11.37579 0.00000 12.00000 12.00000 12.00000 12.00000 15.00000 0.00000 15.00000
QUAD 1 up -8.27267 -10.95637 10.38543 -3.26985 -10.95637 8.05257 -1.93178 -6.43465 10.92207 -6.93460 -6.43465 13.25493 8.00000 0.00000 20.00000 0.00000 20.00000 12.00000 8.00000 12.00000
QUAD 1 down -6.47278 -7.19980 14.24529 -1.46996 -7.19980 11.91244 -2.80803 -11.72152 9.04294 -7.81085 -11.72152 11.37579 8.00000 0.00000 20.00000 0.00000 20.00000 12.00000 8.00000 12.00000
QUAD 1 north -3.96822 -10.05763 8.73181 -7.30344 -10.05763 10.28704 -6.66645 -11.11301 11.65306 -3.33124 -11.11301 10.09783 0.00000 8.00000 8.00000 8.00000 8.00000 12.00000 0.00000 12.00000
QUAD 1 south -6.41139 -7.04315 12.20004 -3.07618 -7.04315 10.64480 -2.43919 -8.09853 12.01083 -5.77440 -8.09853 13.56606 0.00000 8.00000 8.00000 8.00000 8.00000 12.00000 0.00000 12.00000
QUAD 1 east -3.07618 -7.04315 10.64480 -3.96822 -10.05763 8.73181 -3.33124 -11.11301 10.09783 -2.43919 -8.09853 12.01083 0.00000 8.00000 8.00000 8.00000 8.00000 12.00000 0.00000 12.00000
QUAD 1 west -7.30344 -10.05763 10.28704 -6.41139 -7.04315 12.20004 -5.77440 -8.09853 13.56606 -6.66645 -11.11301 11.65306 0.00000 8.00000 8.00000 8.00000 8.00000 12.00000 0.00000 12.00000
QUAD 1 up -7.30344 -10.05763 10.28704 -3.96822 -10.05763 8.73181 -3.07618 -7.04315 10.64480 -6.41139 -7.04315 12.20004 0.00000 0.00000 8.00000 0.00000 8.00000 8.00000 0.00000 8.00000
QUAD 1 down -5.77440 -8.09853 13.56606 -2.43919 -8.09853 12.01083 -3.33124 -11.11301 10.09783 -6.66645 -11.11301 11.65306 0.00000 0.00000 8.00000 0.00000 8.00000 8.00000 0.00000 8.00000
QUAD 2 north 13.05154 0.51017 4.38617 11.25406 0.51017 5.00185 11.25406 -1.38983 5.00185 13.05154 -1.38983 4.38617 0.00000 0.00000 16.00000 0.00000 16.00000 16.00000 0.00000 16.00000
QUAD 2 south 11.86975 0.51017 6.79933 13.66723 0.51017 6.18365 13.66723 -1.38983 6.18365 11.86975 -1.38983 6.79933 0.00000 0.00000 16.00000 0.00000 16.00000 16.00000 0.00000 16.00000
QUAD 2 east 13.66723 0.51017 6.18365 13.05154 0.51017 4.38617 13.05154 -1.38983 4.38617 13.66723 -1.38983 6.18365 0.00000 0.00000 16.00000 0.00000 16.00000 16.00000 0.00000 16.00000
QUAD 2 west 11.25406 0.51017 5.00185 11.86975 0.51017 6.79933 11.86975 -1.38983 6.79933 11.25406 -1.38983 5.00185 0.00000 0.00000 16.00000 0.00000 16.00000 16.00000 0.00000 16.00000
QUAD 2 up 11.25406 0.51017 5.00185 13.05154 0.51017 4.38617 13.66723 0.51017 6.18365 11.86975 0.51017 6.79933 0.00000 0.00000 16.00000 0.00000 16.00000 16.00000 0.00000 16.00000
QUAD 2 down 11.86975 -1.38983 6.79933 13.66723 -1.38983 6.18365 13.05154 -1.38983 4.38617 11.25406 -1.38983 5.00185 0.00000 0.00000 16.00000 0.00000 16.00000 16.00000 0.00000 16.00000
QUAD 3 north 13.49938 1.23017 3.47171 10.33960 1.23017 4.55401 10.33960 -2.10983 4.55401 13.49938 -2.10983 3.47171 0.00000 0.00000 16.00000 0.00000 16.00000 16.00000 0.00000 16.00000
QUAD 3 south 11.42191 1.23017 7.71380 14.58169 1.23017 6.63149 14.58169 -2.10983 6.63149 11.42191 -2.10983 7.71380 0.00000 0.00000 16.00000 0.00000 16.00000 16.00000 0.00000 16.00000
QUAD 3 east 14.58169 1.23017 6.63149 13.49938 1.23017 3.47171 13.49938 -2.10983 3.47171 14.58169 -2.10983 6.63149 0.00000 0.00000 16.00000 0.00000 16.00000 16.00000 0.00000 16.00000
QUAD 3 west 10.33960 1.23017 4.55401 11.42191 1.23017 7.71380 11.42191 -2.10983 7.71380 10.33960 -2.10983 4.55401 0.00000 0.00000 16.00000 0.00000 16.00000 16.00000 0.00000 16.00000
QUAD 3 up 10.33960 1.23017 4.55401 13.49938 1.23017 3.47171 14.58169 1.23017 6.63149 11.42191 1.23017 7.71380 0.00000 0.00000 16.00000 0.00000 16.00000 16.00000 0.00000 16.00000
QUAD 3 down 11.42191 -2.10983 7.71380 14.58169 -2.10983 6.63149 13.49938 -2.10983 3.47171 10.33960 -2.10983 4.55401 0.00000 0.00000 16.00000 0.00000 16.00000 16.00000 0.00000 16.00000
QUAD 2 north 0.45873 -2.36774 9.85313 -0.86333 -2.36774 11.21774 -0.86333 -4.26774 11.21774 0.45873 -4.26774 9.85313 0.00000 0.00000 16.00000 0.00000 16.00000 16.00000 0.00000 16.00000
QUAD 2 south 0.50129 -2.36774 12.53980 1.82334 -2.36774 11.17518 1.82334 -4.26774 11.17518 0.50129 -4.26774 12.53980 0.00000 0.00000 16.00000 0.00000 16.00000 16.00000 0.00000 16.00000
QUAD 2 east 1.82334 -2.36774 11.17518 0.45873 -2.36774 9.85313 0.45873 -4.26774 9.85313 1.82334 -4.26774 11.17518 0.00000 0.00000 16.00000 0.00000 16.00000 16.00000 0.00000 16.00000
QUAD 2 west -0.86333 -2.36774 11.21774 0.50129 -2.36774 12.53980 0.50129 -4.26774 12.53980 -0.86333 -4.26774 11.21774 0.00000 0.00000 16.00000 0.00000 16.00000 16.00000 0.00000 16.00000
QUAD 2 up -0.86333 -2.36774 11.21774 0.45873 -2.36774 9.85313 1.82334 -2.36774 11.17518 0.50129 -2.36774 12.53980 0.00000 0.00000 16.00000 0.00000 16.00000 16.00000 0.00000 16.00000
QUAD 2 down 0.50129 -4.26774 12.53980 1.82334 -4.26774 11.17518 0.45873 -4.26774 9.85313 -0.86333 -4.26774 11.21774 0.00000 0.00000 16.00000 0.00000 16.00000 16.00000 0.00000 16.00000
QUAD 3 north 0.44260 -1.64774 8.83502 -1.88143 -1.64774 11.23387 -1.88143 -4.98774 11.23387 0.44260 -4.98774 8.83502 0.00000 0.00000 16.00000 0.00000 16.00000 16.00000 0.00000 16.00000
QUAD 3 south 0.51742 -1.64774 13.55790 2.84145 -1.64774 11.15905 2.84145 -4.98774 11.15905 0.51742 -4.98774 13.55790 0.00000 0.00000 16.00000 0.00000 16.00000 16.00000 0.00000 16.00000
QUAD 3 east 2.84145 -1.64774 11.15905 0.44260 -1.64774 8.83502 0.44260 -4.98774 8.83502 2.84145 -4.98774 11.15905 0.00000 0.00000 16.00000 0.00000 16.00000 16.00000 0.00000 16.00000
QUAD 3 west -1.88143 -1.64774 11.23387 0.51742 -1.64774 13.55790 0.51742 -4.98774 13.55790 -1.88143 -4.98774 11.23387 0.00000 0.00000 16.00000 0.00000 16.00000 16.00000 0.00000 16.00000
QUAD 3 up -1.88143 -1.64774 11.23387 0.44260 -1.64774 8.83502 2.84145 -1.64774 11.15905 0.51742 -1.64774 13.55790 0.00000 0.00000 16.00000 0.00000 16.00000 16.00000 0.00000 16.00000
QUAD 3 down 0.51742 -4.98774 13.55790 2.84145 -4.98774 11.15905 0.44260 -4.98774 8.83502 -1.88143 -4.98774 11.23387 0.00000 0.00000 16.00000 0.00000 16.00000 16.00000 0.00000 16.00000
QUAD 2 north -2.01252 8.67905 9.32266 -2.57096 8.67905 11.13875 -2.57096 6.77905 11.13875 -2.01252 6.77905 9.32266 0.00000 0.00000 16.00000 0.00000 16.00000 16.00000 0.00000 16.00000
QUAD 2 south -0.75487 8.67905 11.69718 -0.19644 8.67905 9.88110 -0.19644 6.77905 9.88110 -0.75487 6.77905 11.69718 0.00000 0.00000 16.00000 0.00000 16.00000 16.00000 0.00000 16.00000
QUAD 2 east -0.19644 8.67905 9.88110 -2.01252 8.67905 9.32266 -2.01252 6.77905 9.32266 -0.19644 6.77905 9.88110 0.00000 0.00000 16.00000 0.00000 16.00000 16.00000 0.00000 16.00000
QUAD 2 west -2.57096 8.67905 11.13875 -0.75487 8.67905 11.69718 -0.75487 6.77905 11.69718 -2.57096 6.77905 11.13875 0.00000 0.00000 16.00000 0.00000 16.00000 16.00000 0.00000 16.00000
QUAD 2 up -2.57096 8.67905 11.13875 -2.01252 8.67905 9.32266 -0.19644 8.67905 9.88110 -0.75487 8.67905 11.69718 0.00000 0.00000 16.00000 0.00000 16.00000 16.00000 0.00000 16.00000
QUAD 2 down -0.75487 6.77905 11.69718 -0.19644 6.77905 9.88110 -2.01252 6.77905 9.32266 -2.57096 6.77905 11.13875 0.00000 0.00000 16.00000 0.00000 16.00000 16.00000 0.00000 16.00000
QUAD 3 north -2.48910 9.39905 8.42285 -3.47077 9.39905 11.61533 -3.47077 6.05905 11.61533 -2.48910 6.05905 8.42285 0.00000 0.00000 16.00000 0.00000 16.00000 16.00000 0.00000 16.00000
QUAD 3 south -0.27829 9.39905 12.59700 0.70338 9.39905 9.40452 0.70338 6.05905 9.40452 -0.27829 6.05905 12.59700 0.00000 0.00000 16.00000 0.00000 16.00000 16.00000 0.00000 16.00000
QUAD 3 east 0.70338 9.39905 9.40452 -2.48910 9.39905 8.42285 -2.48910 6.05905 8.42285 0.70338 6.05905 9.40452 0.00000 0.00000 16.00000 0.00000 16.00000 16.00000 0.00000 16.00000
QUAD 3 west -3.47077 9.39905 11.61533 -0.27829 9.39905 12.59700 -0.27829 6.05905 12.59700 -3.47077 6.05905 11.61533 0.00000 0.00000 16.00000 0.00000 16.00000 16.00000 0.00000 16.00000
QUAD 3 up -3.47077 9.39905 11.61533 -2.48910 9.39905 8.42285 0.70338 9.39905 9.40452 -0.27829 9.39905 12.59700 0.00000 0.00000 16.00000 0.00000 16.00000 16.00000 0.00000 16.00000
QUAD 3 down -0.27829 6.05905 12.59700 0.70338 6.05905 9.40452 -2.48910 6.05905 8.42285 -3.47077 6.05905 11.61533 0.00000 0.00000 16.00000 0.00000 16.00000 16.00000 0.00000 16.00000
QUAD 2 north -12.87967 4.21719 1.77963 -12.55275 4.21719 3.65129 -12.55275 2.31719 3.65129 -12.87967 2.31719 1.77963 0.00000 0.00000 16.00000 0.00000 16.00000 16.00000 0.00000 16.00000
QUAD 2 south -10.68109 4.21719 3.32438 -11.00800 4.21719 1.45272 -11.00800 2.31719 1.45272 -10.68109 2.31719 3.32438 0.00000 0.00000 16.00000 0.00000 16.00000 16.00000 0.00000 16.00000
QUAD 2 east -11.00800 4.21719 1.45272 -12.87967 4.21719 1.77963 -12.87967 2.31719 1.77963 -11.00800 2.31719 1.45272 0.00000 0.00000 16.00000 0.00000 16.00000 16.00000 0.00000 16.00000
QUAD 2 west -12.55275 4.21719 3.65129 -10.68109 4.21719 3.32438 -10.68109 2.31719 3.32438 -12.55275 2.31719 3.65129 0.00000 0.00000 16.00000 0.00000 16.00000 16.00000 0.00000 16.00000
QUAD 2 up -12.55275 4.21719 3.65129 -12.87967 4.21719 1.77963 -11.00800 4.21719 1.45272 -10.68109 4.21719 3.32438 0.00000 0.00000 16.00000 0.00000 16.00000 16.00000 0.00000 16.00000
QUAD 2 down -10.68109 2.31719 3.32438 -11.00800 2.31719 1.45272 -12.87967 2.31719 1.77963 -12.55275 2.31719 3.65129 0.00000 0.00000 16.00000 0.00000 16.00000 16.00000 0.00000 16.00000
QUAD 3 north -13.71281 4.93719 1.19425 -13.13813 4.93719 4.48444 -13.13813 1.59719 4.48444 -13.71281 1.59719 1.19425 0.00000 0.00000 16.00000 0.00000 16.00000 16.00000 0.00000 16.00000
QUAD 3 south -9.84794 4.93719 3.90976 -10.42262 4.93719 0.61957 -10.42262 1.59719 0.61957 -9.84794 1.59719 3.90976 0.00000 0.00000 16.00000 0.00000 16.00000 16.00000 0.00000 16.00000
QUAD 3 east -10.42262 4.93719 0.61957 -13.71281 4.93719 1.19425 -13.71281 1.59719 1.19425 -10.42262 1.59719 0.61957 0.00000 0.00000 16.00000 0.00000 16.00000 16.00000 0.00000 16.00000
QUAD 3 west -13.13813 4.93719 4.48444 -9.84794 4.93719 3.90976 -9.84794 1.59719 3.90976 -13.13813 1.59719 4.48444 0.00000 0.00000 16.00000 0.00000 16.00000 16.00000 0.00000 16.00000
QUAD 3 up -13.13813 4.93719 4.48444 -13.71281 4.93719 1.19425 -10.42262 4.93719 0.61957 -9.84794 4.93719 3.90976 0.00000 0.00000 16.00000 0.00000 16.00000 16.00000 0.00000 16.00000
QUAD 3 down -9.84794 1.59719 3.90976 -10.42262 1.59719 0.61957 -13.71281 1.59719 1.19425 -13.13813 1.59719 4.48444 0.00000 0.00000 16.00000 0.00000 16.00000 16.00000 0.00000 16.00000
QUAD 2 north -8.08200 8.37177 -6.33384 -6.94100 8.37177 -4.81459 -6.94100 6.47177 -4.81459 -8.08200 6.47177 -6.33384 0.00000 0.00000 16.00000 0.00000 16.00000 16.00000 0.00000 16.00000
QUAD 2 south -5.42175 8.37177 -5.95559 -6.56275 8.37177 -7.47484 -6.56275 6.47177 -7.47484 -5.42175 6.47177 -5.95559 0.00000 0.00000 16.00000 0.00000 16.00000 16.00000 0.00000 16.00000
QUAD 2 east -6.56275 8.37177 -7.47484 -8.08200 8.37177 -6.33384 -8.08200 6.47177 -6.33384 -6.56275 6.47177 -7.47484 0.00000 0.00000 16.00000 0.00000 16.00000 16.00000 0.00000 16.00000
QUAD 2 west -6.94100 8.37177 -4.81459 -5.42175 8.37177 -5.95559 -5.42175 6.47177 -5.95559 -6.94100 6.47177 -4.81459 0.00000 0.00000 16.00000 0.00000 16.00000 16.00000 0.00000 16.00000
QUAD 2 up -6.94100 8.37177 -4.81459 -8.08200 8.37177 -6.33384 -6.56275 8.37177 -7.47484 -5.42175 8.37177 -5.95559 0.00000 0.00000 16.00000 0.00000 16.00000 16.00000 0.00000 16.00000
QUAD 2 down -5.42175 6.47177 -5.95559 -6.56275 6.47177 -7.47484 -8.08200 6.47177 -6.33384 -6.94100 6.47177 -4.81459 0.00000 0.00000 16.00000 0.00000 16.00000 16.00000 0.00000 16.00000
QUAD 3 north -9.09009 9.09177 -6.47717 -7.08433 9.09177 -3.80649 -7.08433 5.75177 -3.80649 -9.09009 5.75177 -6.47717 0.00000 0.00000 16.00000 0.00000 16.00000 16.00000 0.00000 16.00000
QUAD 3 south -4.41365 9.09177 -5.81225 -6.41941 9.09177 -8.48293 -6.41941 5.75177 -8.48293 -4.41365 5.75177 -5.81225 0.00000 0.00000 16.00000 0.00000 16.00000 16.00000 0.00000 16.00000
QUAD 3 east -6.41941 9.09177 -8.48293 -9.09009 9.09177 -6.47717 -9.09009 5.75177 -6.47717 -6.41941 5.75177 -8.48293 0.00000 0.00000 16.00000 0.00000 16.00000 16.00000 0.00000 16.00000
QUAD 3 west -7.08433 9.09177 -3.80649 -4.41365 9.09177 -5.81225 -4.41365 5.75177 -5.81225 -7.08433 5.75177 -3.80649 0.00000 0.00000 16.00000 0.00000 16.00000 16.00000 0.00000 16.00000
QUAD 3 up -7.08433 9.09177 -3.80649 -9.09009 9.09177 -6.47717 -6.41941 9.09177 -8.48293 -4.41365 9.09177 -5.81225 0.00000 0.00000 16.00000 0.00000 16.00000 16.00000 0.00000 16.00000
QUAD 3 down -4.41365 5.75177 -5.81225 -6.41941 5.75177 -8.48293 -9.09009 5.75177 -6.47717 -7.08433 5.75177 -3.80649 0.00000 0.00000 16.00000 0.00000 16.00000 16.00000 0.00000 16.00000
QUAD 2 north 1.58245 7.94952 -11.78799 3.28882 7.94952 -10.95233 3.28882 6.04952 -10.95233 1.58245 6.04952 -11.78799 0.00000 0.00000 16.00000 0.00000 16.00000 16.00000 0.00000 16.00000
QUAD 2 south 4.12447 7.94952 -12.65869 2.41811 7.94952 -13.49435 2.41811 6.04952 -13.49435 4.12447 6.04952 -12.65869 0.00000 0.00000 16.00000 0.00000 16.00000 16.00000 0.00000 16.00000
QUAD 2 east 2.41811 7.94952 -13.49435 1.58245 7.94952 -11.78799 1.58245 6.04952 -11.78799 2.41811 6.04952 -13.49435 0.00000 0.00000 16.00000 0.00000 16.00000 16.00000 0.00000 16.00000
QUAD 2 west 3.28882 7.94952 -10.95233 4.12447 7.94952 -12.65869 4.12447 6.04952 -12.65869 3.28882 6.04952 -10.95233 0.00000 0.00000 16.00000 0.00000 16.00000 16.00000 0.00000 16.00000
QUAD 2 up 3.28882 7.94952 -10.95233 1.58245 7.94952 -11.78799 2.41811 7.94952 -13.49435 4.12447 7.94952 -12.65869 0.00000 0.00000 16.00000 0.00000 16.00000 16.00000 0.00000 16.00000
QUAD 2 down 4.12447 6.04952 -12.65869 2.41811 6.04952 -13.49435 1.58245 6.04952 -11.78799 3.28882 6.04952 -10.95233 0.00000 0.00000 16.00000 0.00000 16.00000 16.00000 0.00000 16.00000
QUAD 3 north 0.61916 8.66952 -11.45803 3.61877 8.66952 -9.98904 3.61877 5.32952 -9.98904 0.61916 5.32952 -11.45803 0.00000 0.00000 16.00000 0.00000 16.00000 16.00000 0.00000 16.00000
QUAD 3 south 5.08777 8.66952 -12.98864 2.08816 8.66952 -14.45764 2.08816 5.32952 -14.45764 5.08777 5.32952 -12.98864 0.00000 0.00000 16.00000 0.00000 16.00000 16.00000 0.00000 16.00000
QUAD 3 east 2.08816 8.66952 -14.45764 0.61916 8.66952 -11.45803 0.61916 5.32952 -11.45803 2.08816 5.32952 -14.45764 0.00000 0.00000 16.00000 0.00000 16.00000 16.00000 0.00000 16.00000
QUAD 3 west 3.61877 8.66952 -9.98904 5.08777 8.66952 -12.98864 5.08777 5.32952 -12.98864 3.61877 5.32952 -9.98904 0.00000 0.00000 16.00000 0.00000 16.00000 16.00000 0.00000 16.00000
QUAD 3 up 3.61877 8.66952 -9.98904 0.61916 8.66952 -11.45803 2.08816 8.66952 -14.45764 5.08777 8.66952 -12.98864 0.00000 0.00000 16.00000 0.00000 16.00000 16.00000 0.00000 16.00000
QUAD 3 down 5.08777 5.32952 -12.98864 2.08816 5.32952 -14.45764 0.61916 5.32952 -11.45803 3.61877 5.32952 -9.98904 0.00000 0.00000 16.00000 0.00000 16.00000 16.00000 0.00000 16.00000
QUAD 2 north 0.69594 -5.68634 -8.56971 2.59571 -5.68634 -8.59980 2.59571 -7.58634 -8.59980 0.69594 -7.58634 -8.56971 0.00000 0.00000 16.00000 0.00000 16.00000 16.00000 0.00000 16.00000
QUAD 2 south 2.56561 -5.68634 -10.49956 0.66585 -5.68634 -10.46947 0.66585 -7.58634 -10.46947 2.56561 -7.58634 -10.49956 0.00000 0.00000 16.00000 0.00000 16.00000 16.00000 0.00000 16.00000
QUAD 2 east 0.66585 -5.68634 -10.46947 0.69594 -5.68634 -8.56971 0.69594 -7.58634 -8.56971 0.66585 -7.58634 -10.46947 0.00000 0.00000 16.00000 0.00000 16.00000 16.00000 0.00000 16.00000
QUAD 2 west 2.59571 -5.68634 -8.59980 2.56561 -5.68634 -10.49956 2.56561 -7.58634 -10.49956 2.59571 -7.58634 -8.59980 0.00000 0.00000 16.00000 0.00000 16.00000 16.00000 0.00000 16.00000
QUAD 2 up 2.59571 -5.68634 -8.59980 0.69594 -5.68634 -8.56971 0.66585 -5.68634 -10.46947 2.56561 -5.68634 -10.49956 0.00000 0.00000 16.00000 0.00000 16.00000 16.00000 0.00000 16.00000
QUAD 2 down 2.56561 -7.58634 -10.49956 0.66585 -7.58634 -10.46947 0.69594 -7.58634 -8.56971 2.59571 -7.58634 -8.59980 0.00000 0.00000 16.00000 0.00000 16.00000 16.00000 0.00000 16.00000
QUAD 3 north -0.01256 -4.96634 -7.83839 3.32702 -4.96634 -7.89130 3.32702 -8.30634 -7.89130 -0.01256 -8.30634 -7.83839 0.00000 0.00000 16.00000 0.00000 16.00000 16.00000 0.00000 16.00000
QUAD 3 south 3.27411 -4.96634 -11.23088 -0.06547 -4.96634 -11.17797 -0.06547 -8.30634 -11.17797 3.27411 -8.30634 -11.23088 0.00000 0.00000 16.00000 0.00000 16.00000 16.00000 0.00000 16.00000
QUAD 3 east -0.06547 -4.96634 -11.17797 -0.01256 -4.96634 -7.83839 -0.01256 -8.30634 -7.83839 -0.06547 -8.30634 -11.17797 0.00000 0.00000 16.00000 0.00000 16.00000 16.00000 0.00000 16.00000
QUAD 3 west 3.32702 -4.96634 -7.89130 3.27411 -4.96634 -11.23088 3.27411 -8.30634 -11.23088 3.32702 -8.30634 -7.89130 0.00000 0.00000 16.00000 0.00000 16.00000 16.00000 0.00000 16.00000
QUAD 3 up 3.32702 -4.96634 -7.89130 -0.01256 -4.96634 -7.83839 -0.06547 -4.96634 -11.17797 3.27411 -4.96634 -11.23088 0.00000 0.00000 16.00000 0.00000 16.00000 16.00000 0.00000 16.00000
QUAD 3 down 3.27411 -8.30634 -11.23088 -0.06547 -8.30634 -11.17797 -0.01256 -8.30634 -7.83839 3.32702 -8.30634 -7.89130 0.00000 0.00000 16.00000 0.00000 16.00000 16.00000 0.00000 16.00000
QUAD 2 north 9.94378 -5.21113 -1.51413 11.62282 -5.21113 -2.40342 11.62282 -7.11113 -2.40342 9.94378 -7.11113 -1.51413 0.00000 0.00000 16.00000 0.00000 16.00000 16.00000 0.00000 16.00000
QUAD 2 south 10.73353 -5.21113 -4.08246 9.05449 -5.21113 -3.19317 9.05449 -7.11113 -3.19317 10.73353 -7.11113 -4.08246 0.00000 0.00000 16.00000 0.00000 16.00000 16.00000 0.00000 16.00000
QUAD 2 east 9.05449 -5.21113 -3.19317 9.94378 -5.21113 -1.51413 9.94378 -7.11113 -1.51413 9.05449 -7.11113 -3.19317 0.00000 0.00000 16.00000 0.00000 16.00000 16.00000 0.00000 16.00000
QUAD 2 west 11.62282 -5.21113 -2.40342 10.73353 -5.21113 -4.08246 10.73353 -7.11113 -4.08246 11.62282 -7.11113 -2.40342 0.00000 0.00000 16.00000 0.00000 16.00000 16.00000 0.00000 16.00000
QUAD 2 up 11.62282 -5.21113 -2.40342 9.94378 -5.21113 -1.51413 9.05449 -5.21113 -3.19317 10.73353 -5.21113 -4.08246 0.00000 0.00000 16.00000 0.00000 16.00000 16.00000 0.00000 16.00000
QUAD 2 down 10.73353 -7.11113 -4.08246 9.05449 -7.11113 -3.19317 9.94378 -7.11113 -1.51413 11.62282 -7.11113 -2.40342 0.00000 0.00000 16.00000 0.00000 16.00000 16.00000 0.00000 16.00000
QUAD 3 north 9.64451 -4.49113 -0.54087 12.59608 -4.49113 -2.10415 12.59608 -7.83113 -2.10415 9.64451 -7.83113 -0.54087 0.00000 0.00000 16.00000 0.00000 16.00000 16.00000 0.00000 16.00000
QUAD 3 south 11.03280 -4.49113 -5.05572 8.08123 -4.49113 -3.49244 8.08123 -7.83113 -3.49244 11.03280 -7.83113 -5.05572 0.00000 0.00000 16.00000 0.00000 16.00000 16.00000 0.00000 16.00000
QUAD 3 east 8.08123 -4.49113 -3.49244 9.64451 -4.49113 -0.54087 9.64451 -7.83113 -0.54087 8.08123 -7.83113 -3.49244 0.00000 0.00000 16.00000 0.00000 16.00000 16.00000 0.00000 16.00000
QUAD 3 west 12.59608 -4.49113 -2.10415 11.03280 -4.49113 -5.05572 11.03280 -7.83113 -5.05572 12.59608 -7.83113 -2.10415 0.00000 0.00000 16.00000 0.00000 16.00000 16.00000 0.00000 16.00000
QUAD 3 up 12.59608 -4.49113 -2.10415 9.64451 -4.49113 -0.54087 8.08123 -4.49113 -3.49244 11.03280 -4.49113 -5.05572 0.00000 0.00000 16.00000 0.00000 16.00000 16.00000 0.00000 16.00000
QUAD 3 down 11.03280 -7.83113 -5.05572 8.08123 -7.83113 -3.49244 9.64451 -7.83113 -0.54087 12.59608 -7.83113 -2.10415 0.00000 0.00000 16.00000 0.00000 16.00000 16.00000 0.00000 16.00000
